404
554
434
594
414
574
324
514
364
384
544
374
604
624
524
534
634
564
614
354
394
484
474
344
494
444
504
464
454
334
584
424
664
644
934
944
654
734
744
684
904
814
874
854
834
794
674
754
824
884
694
704
724
924
764
774
804
714
894
964
864
994
914
954
984
1074
1084
1164
1114
974
1044
1204
1144
1224
1184
1134
1154
1264
1174
1004
1024
1244
1034
1194
1014
1064
1214
1234
1304
1124
1094
1334
1054
1324
1374
1254
1274
1344
1294
1284
1384
1434
1314
1444
1574
1494
1484
1524
1464
1504
1474
1534
1564
1554
1354
1394
1614
1404
1424
1644
1594
1454
1544
1514
1664
1624
1634
1654
1584
1684
1774
1694
1794
1804
1604
1724
1734
1754
1844
1784
1764
1414
1704
1834
1364
1824
1814
1674
1864
1854
1874
1944
1714
1744
1884
1904
1964
1914
1994
1924
2024
1934
1974
2014
2004
2034
2074
2054
2064
2044
2184
2194
2204
2174
2144
1954
2114
2094
2124
2084
2154
2164
2244
2134
2284
2304
2294
2264
2224
2214
2274
2254
2234
2104
2314
1984
2334
2324
2444
2344
2374
2384
2414
2394
2404
2464
2454
2434
2474
2424
2494
2504
2544
2524
2514
2534
2354
2564
2634
2584
2554
2594
2604
2574
2484
2624
2644
2704
2654
2664
2674
2694
2684
2614
2714
2734
2804
2744
2724
2364
2764
2794
2834
2774
2754
2934
2814
2844
2824
2874
2964
2864
2904
2924
2894
2914
2944
2884
2854
3014
2954
3034
2784
2974
3004
2994
3064
3054
3024
3084
3044
3074
3094
3134
3114
3124
3104
3144
3154
3174
3274
3184
3304
3164
3214
3224
3204
3254
3234
3334
3344
3264
3194
3244
3284
3354
3294
3324
3374
3384
3424
3364
3394
3414
3404
3434
3554
3474
3564
3464
3504
3524
3454
3484
3494
3514
3574
3534
3594
3664
3624
3614
3604
3644
3544
3584
3654
3634
3674
3314
3704
3734
3744
3714
3724
3754
3774
3804
3834
3794
3764
3814
3784
3854
3844
3924
3874
3904
3944
3864
3914
3894
3824
3964
3884
3954
3934
3974
3994
4014
4024
3984
4004
4034
4044
3694
4064
4054
4074
4134
4094
4104
4084
4144
4194
4114
4164
4214
4274
4124
4254
4184
4154
4264
4204
4234
4174
4224
4284
4294
4304
4334
4314
4244
4364
4324
4384
4354
4374
4414
4444
4424
4514
4394
4434
4454
4464
4524
4404
4544
4564
4574
4504
4534
4554
4494
4584
4484
4474
4604
4594
4654
4614
4634
4644
4624
4674
4664
4684
4704
4734
4744
4724
4714
4694
4844
4754
4784
4814
4774
4914
4894
4764
4794
4954
4834
4804
4924
4824
4874
4934
4944
4884
4964
4984
4974
5014
4994
5024
5004
5044
5064
5054
5074
5124
5034
5114
5104
5144
5134
5094
5154
5224
5214
5194
5164
5084
5174
5184
5234
5244
5294
5304
5314
5254
5284
5404
5264
5464
5274
5324
5334
5504
5344
5354
5364
5384
5424
5414
5444
5394
5374
5494
5434
5474
5484
5454
5514
5524
5534
5544
5554
5614
5634
5584
5564
5604
5574
5594
5624
5654
5664
5644
5684
5754
5714
5704
5694
5784
5764
5744
5804
5774
5844
5734
5724
5674
5834
5794
5824
5894
5904
5864
5884
5874
5914
5954
5924
5934
5964
5944
5984
6044
6034
6004
5974
6084
6014
6054
6064
6024
6074
6124
5994
6094
6114
6104
6164
6134
6144
6174
6154
6194
6184
6204
6244
6264
6284
6434
6314
6454
6254
6234
6304
6334
6364
6294
6324
6344
6354
6394
6444
6384
6374
6414
6404
6424
6464
6474
6504
6484
6494
6514
6554
6534
6524
6574
6544
6564
6594
6634
6604
6584
6744
6734
6724
6624
6754
6694
6614
6764
6714
6654
6644
6674
6664
6684
6804
6794
6704
6784
6824
7044
6994
7034
6964
6894
6884
6844
7074
6904
6874
6914
6934
6834
7104
7004
7064
7054
7084
6984
6924
6974
7024
6954
6864
7014
6854
7094
7134
7154
7294
7374
7144
7124
7164
7354
7174
7194
7214
7224
7254
7304
7204
7284
7264
7324
7344
7244
7334
7364
7394
7274
7504
7454
7444
7474
7464
7514
7584
7524
7534
7544
7564
7674
7574
7664
7604
7694
7724
7734
7614
7644
7704
7814
7714
7764
7754
7804
7904
7744
7824
7934
7864
7854
7894
7944
7914
7924
7974
7964
7994
8084
8024
8114
8014
8054
8044
8064
8164
8074
8124
8094
8134
8234
8214
8194
8174
8184
8224
8314
8374
8254
8454
8244
8334
8294
8304
8344
8384
8324
8354
8424
8404
8434
8564
8504
8494
8694
8604
8734
8624
8614
8794
8654
8834
8714
8754
8674
8704
8744
8784
8864
8684
8824
8844
8944
8914
8874
9004
8934
9054
8964
9084
9044
9134
9014
9164
9074
9104
9194
9224
9204
9244
9284
9254
9264
9324
9304
9364
9354
9394
9384
9454
9404
9494
9474
9524
9514
8924
9584
9594
9544
9554
9574
9714
9604
9674
9724
9844
9764
9334
9774
9804
9974
9854
9834
9874
9704
9904
9894
9914
9944
10084
9994
10104
10054
10164
10264
10114
10274
10144
10224
10314
10324
10254
10444
10294
10384
10374
10344
10364
10504
10454
10404
10584
10494
10544
10464
10564
10624
10594
10574
10704
10604
10614
10714
10744
10654
10674
10664
10784
10824
10794
10874
10864
10804
10984
11014
11004
10854
10884
10904
10844
10964
10954
11054
10994
11084
11044
11144
11104
11154
11264
11284
11324
11314
11164
11194
11274
11234
11174
11304
11424
11364
11474
11494
11544
11434
11504
11594
11464
11624
11634
11654
11604
11764
11684
11794
11814
11694
11614
11704
11754
11664
11784
11804
11774
11854
11974
11214
11934
11924
11964
12164
12014
12114
12104
12004
12194
12064
12134
12174
12144
12154
12314
12324
12334
12354
12414
12564
12404
12594
12634
12524
12474
12534
12604
12614
12664
12584
12744
12774
12804
12764
12844
13004
12894
13074
12924
13024
13094
13284
13144
13294
13234
13124
13434
13314
13394
13414
13424
13484
13514
13504
13694
13744
13614
13764
13774
13784
13844
13834
14004
13994
13134
13914
14114
14074
14024
14144
14054
14064
14104
14224
13854
14294
14284
14184
14274
14304
14504
14354
14514
14384
14444
14584
14604
14544
14594
14344
14574
14834
14904
14774
14494
14734
14784
14814
14974
14914
14884
14934
15084
15054
15234
15194
15374
15244
15304
15534
15104
15404
15494
15454
15484
15714
15264
15584
15594
15624
15634
15704
15824
15724
15814
15864
15804
15884
15954
15904
16054
16074
16044
16164
16124
16174
16184
16284
16354
16434
16604
16694
16574
16754
16584
16664
16934
16744
16864
16844
16764
16834
17024
16914
17044
16874
17004
17134
17214
17124
17294
17314
17394
17244
17254
17304
17094
17514
17414
17434
17464
17524
17694
17634
17664
17814
17824
17874
17904
18094
17914
17924
18034
18024
17974
18004
18304
18204
18334
18444
18414
18544
18574
18554
18634
18614
18674
18764
19184
19274
19074
19254
19194
19204
19334
19514
19704
19974
19924
20184
20164
20064
20654
20634
20944
21154
21514
21554
21694
21814
22264
22154
22324
23084
23964
24144
24614
24794
25664
26264
26934
27864
27764
29054
