0
10
50
40
20
30
70
320
330
370
380
390
360
350
340
630
650
620
460
450
640
430
660
670
440
490
500
600
590
560
510
420
550
530
470
540
610
480
570
410
400
690
580
720
680
520
730
710
700
770
740
810
750
760
800
840
940
970
830
1040
1030
920
900
780
1070
1000
790
1020
1010
1090
870
820
850
860
1100
890
930
880
960
990
950
910
980
1110
1190
1200
1220
1050
1180
1080
1210
1250
1230
1310
1290
1150
1140
1330
1130
1120
1260
1270
1300
1280
1170
1340
1160
1380
1430
1320
1400
1240
1410
1450
1360
1470
1480
1420
1520
1440
1350
1510
1390
1580
1500
1370
1490
1670
1550
1540
1590
1650
1660
1600
1630
1640
1460
1700
1790
1570
1810
1610
1560
1720
1680
1620
1870
1860
1780
1770
1800
1820
1750
1850
1830
1690
1880
1890
1900
1940
1530
1730
1920
1760
1950
1930
1840
1960
2110
1970
2090
1990
2080
1910
2000
2020
2160
2010
2050
2100
2030
2070
2140
2130
2170
1740
2210
2200
2190
2040
2060
2280
2300
2240
2220
2230
2320
2270
2330
2250
2290
2420
2180
2340
2350
2360
2390
2380
2370
2400
2480
2410
2440
2430
2450
2510
2260
2520
2460
2490
2500
2590
2630
2600
2540
2530
2620
2640
2550
2580
2560
2610
2690
2680
2700
2720
2570
2710
2740
2310
2650
2470
2670
2730
2770
2760
2860
2820
2800
2830
2660
2880
2940
2840
2850
2900
3000
2870
2890
2910
2750
2920
2930
2950
2960
2970
2780
2980
2990
3040
3030
3020
3060
3070
3050
3080
3110
3100
3090
3250
3140
3160
2810
3170
3150
3180
3270
3120
3230
3190
3240
3200
3220
2790
3340
3210
3280
3300
3310
3290
3370
3380
3320
3330
3360
3420
3350
3430
3470
3460
3390
3500
3400
3450
3440
3580
3520
3620
3510
3490
3480
3540
3530
3550
3560
3570
3670
3410
3610
3600
3640
3710
3630
3590
3720
3650
3680
3660
3690
3700
3730
3740
3760
3780
3770
3750
3810
3800
3820
3790
3860
3850
3830
3840
3880
3900
3960
3870
3910
3890
3970
3950
4030
3920
3930
3940
3990
3980
4000
4010
4020
4090
4040
4070
4050
4080
4100
4140
4150
4110
4130
4120
4160
4190
4180
4170
4210
4200
4220
4260
4320
4250
4290
4270
4230
4280
4240
4300
4310
4330
4360
4340
4350
4400
4370
4410
4450
4380
4390
4420
4430
4060
4440
4460
4480
4650
4500
4550
4520
4560
4600
4490
4510
4540
4590
4530
4580
4630
4570
4620
4710
4660
4640
4670
4680
4690
4730
4720
4700
4740
4750
4770
4760
4780
4790
4850
4830
4810
4920
4820
4800
5000
4860
4910
4900
5020
4930
4880
5010
4940
4890
4960
4970
4990
4870
4950
4980
4610
5040
5030
5060
5050
5120
5100
5130
5080
5200
5220
5140
5110
5150
5090
5210
5070
5240
5180
5190
5160
5250
5270
5260
5170
5230
5280
5290
5310
5300
5320
5340
5360
5330
5390
5380
5350
5370
5500
5460
5490
5470
5530
5560
5550
5410
5580
5510
5540
5420
5590
5520
5450
5480
5440
5430
5400
5600
5610
5650
5620
5630
5660
5640
5670
5900
5750
5770
5740
5780
5710
5680
5720
5910
5810
5800
5700
5840
5690
5730
5850
5830
5760
5860
5820
5790
5870
5880
5920
5930
5940
5950
5970
6100
5990
5960
6000
5980
6010
6060
6020
6030
6070
6040
6090
6050
6080
6140
6180
6120
6130
6110
6160
6190
6150
6170
6270
6200
6290
6210
6240
6230
6280
6260
6250
6360
6300
6320
6330
6310
6350
6390
6370
6380
6340
6400
6420
6410
6440
6480
6460
6450
6430
6540
6470
6490
6530
6510
6550
6520
6500
6590
6560
6570
6580
6600
6610
6630
6640
6740
6680
6690
6710
6650
6660
6730
6620
6670
6700
6780
6720
6790
6750
6770
6850
6760
6840
6800
6820
6810
6830
6860
6870
6880
6990
6910
6900
6940
6890
6920
6950
6930
7090
7110
6980
6960
7000
7020
7030
6970
7010
7040
7070
7060
7050
7120
7080
7160
7100
7130
7140
7170
7150
7200
7210
7180
7290
7240
7190
7220
7280
7230
7320
7270
7260
7250
7380
7350
7360
7300
7330
7340
7310
7550
7440
7420
7520
7560
7510
7460
7450
7580
7430
7390
7400
7410
7540
7480
7530
7370
7500
7470
7590
7600
7610
7490
7620
7640
7650
7630
7670
7680
7690
7710
7720
7800
7760
7730
7700
7840
7850
7790
7820
7750
7780
7740
7770
7810
7830
7860
7930
7890
7900
7880
7910
7920
7950
8070
7940
8120
8040
7990
7980
8030
8060
8080
7970
7960
8090
8010
8110
8000
8140
8160
8150
8230
8180
8210
8280
8190
8240
8260
8270
8250
8300
8320
8330
8310
8340
8360
8290
8370
8350
8380
8400
8390
8420
8410
8460
8470
8440
8450
8480
8550
8500
8630
8510
8520
8530
8540
8570
8560
8610
8580
8710
8620
8670
8660
8690
8680
8700
8760
8770
8430
8750
8860
8800
8780
8820
8830
8810
8900
8850
8840
8960
8880
8890
8920
8930
8970
9000
8940
8950
9010
9020
8990
9060
9070
9130
9040
9150
9090
9110
9220
9210
9190
9270
9180
9280
9170
9320
9230
9200
9310
9300
9350
9370
9380
9390
9400
9430
9440
9420
9530
9470
9460
9500
9480
9490
9520
9580
9510
9080
9540
9560
9570
9670
9600
9620
9610
9650
9640
9660
9730
9260
9630
9830
9710
9720
9770
9750
9790
9780
9800
9820
9860
9880
9850
9920
9890
9910
9900
9940
9980
9960
10010
10000
9990
10020
10070
10060
10080
10130
10150
10100
10170
10200
10160
10190
10240
10270
10280
10220
10260
10290
10300
10310
10400
10350
10360
10390
10460
10430
10470
10450
10500
10600
10550
10510
10630
10530
10580
10570
10620
10730
10650
10770
10760
10690
10810
10880
10820
10790
10830
10960
10920
10860
10910
10950
10970
10980
11010
11030
11020
11070
11110
11100
11160
11120
11240
11170
11210
11260
11390
11310
10870
11340
11370
11350
11460
11380
11480
11400
11270
11450
11440
11610
11600
11560
11640
11570
11580
11670
11680
11660
11770
11710
11630
11720
11730
11750
11780
11860
11800
11840
11930
11970
12010
12050
11960
11940
12030
12060
12100
12150
12140
12180
12320
12340
12300
12260
12280
12230
12440
12500
12530
12420
12560
12600
12460
12480
12540
12550
12610
12620
12590
12700
12720
12820
12770
12880
12900
12850
12860
12960
12990
13020
13040
13070
13030
13100
13130
13190
13300
13290
13340
13380
13280
13390
13480
13510
13430
13400
13550
13540
13800
13670
13680
13720
13780
13840
13730
13820
13850
13860
14040
13980
13960
14150
14140
14030
14050
14070
14090
14080
14200
14220
14270
14350
14380
14260
14290
14390
14370
14400
14410
14510
14490
14660
14560
14610
14670
14680
14530
14810
14840
14890
14990
15000
15030
15120
14590
15190
15330
15470
15690
15500
15520
15680
15580
15760
15790
15800
15860
15940
16020
16060
16250
16150
16260
16270
16280
16450
16580
16890
16770
16950
16790
16780
16940
16970
16800
17060
17200
17240
17270
17250
17300
17470
17620
17650
17790
17850
18080
17320
17920
18480
18630
18460
18530
18720
19610
20210
20140
20310
21010
21690
21760
21610
21980
22630
22700
23520
26040
