185
225
215
205
15
195
155
45
55
95
75
25
125
135
85
165
35
5
115
145
175
65
325
375
345
415
495
395
485
425
545
465
335
475
505
515
455
405
445
535
385
365
355
575
525
685
645
735
585
675
555
565
605
795
595
615
805
835
745
625
765
695
845
635
715
755
705
855
665
865
875
895
885
775
955
995
915
785
825
925
935
965
1045
1105
1025
1135
985
1095
1005
1055
1155
905
1075
1085
1125
945
1145
1175
975
1225
1165
1035
1235
1205
1065
1215
1255
1115
1285
1245
1265
1195
1275
1425
1315
1325
1295
1355
1305
1335
1375
1435
1405
1415
1445
1515
1465
1385
1395
1345
1485
1365
1505
1535
1185
725
1605
1615
1555
1565
1625
1635
1455
1475
1545
1575
1595
1695
1645
1665
1495
1685
1525
1775
1815
1675
1715
1835
1755
1585
1725
1735
1825
1765
1745
1865
1895
1805
1785
1885
1855
1915
1945
1875
1935
1905
1925
1795
1955
1965
1975
1845
1985
2025
2075
2015
2055
2095
2085
2105
2035
1995
2005
2155
2145
2065
2045
2115
2125
2135
1655
2185
2175
2195
2235
2215
2165
2275
2225
2205
2245
2265
2315
2335
2285
2325
2295
2345
2375
2355
2405
2425
2385
2415
2525
2455
2395
2435
2255
2305
2555
2445
2485
2465
2475
2495
2535
2515
2545
2565
2575
2585
2595
2665
2605
2615
2625
2795
2635
2705
2675
2745
2755
2695
2765
2815
2785
2735
2895
2905
2805
2775
2825
2855
2835
2915
2845
2875
2865
2655
2715
2685
2645
2885
2935
2985
2925
2945
2975
2955
2995
2965
3005
3025
3035
3015
3055
3065
3045
3075
3225
3095
3085
3135
3245
3105
3145
3115
3125
3155
3175
3265
3185
3165
3195
3205
3215
3235
3255
3335
3295
3365
3345
3355
3305
3315
3285
3275
3325
3405
3375
3385
3395
3445
3565
3425
3415
3455
3475
3465
3525
3495
3485
3535
3435
3515
3545
3505
3555
3595
3585
3575
3615
3675
3605
3625
3635
3665
3645
3695
3685
3705
3735
3715
3725
3745
3755
3765
3825
3865
3875
3835
3985
3785
3805
3845
3885
3855
3815
3905
3775
3925
3915
3795
3895
3935
3955
3945
4005
3965
4015
3975
4025
3995
4035
4045
4055
4115
4075
4095
4125
4195
4165
4175
4085
4155
4205
4105
4145
4225
4335
4245
4185
4135
4265
4285
4305
4315
4295
4275
4215
4255
4325
4345
4355
4365
4385
4375
4395
4415
4405
4425
4475
4635
4505
4455
4435
4485
4625
4535
4445
4595
4525
4465
4565
4585
4555
4575
4615
4495
4545
4605
4665
4645
4655
4695
4675
4685
4715
4705
4895
4935
4725
4805
4745
4825
4835
4775
4815
4845
4755
4795
4865
4855
4735
4905
4765
4885
4875
4975
4785
4915
4925
4995
4945
4955
4965
4985
5025
5045
5015
5055
5005
5135
5065
5035
5075
5275
5115
5085
5105
5095
5165
5125
5175
5145
5155
5195
5205
5185
5315
5225
5245
5255
5235
5295
5285
5305
5325
5375
5335
5345
5355
5365
5485
5385
5395
5405
5445
5415
5435
5465
5575
5455
5475
5495
5515
5505
5525
5545
5535
5565
5265
5555
5625
5615
5645
5585
5655
5685
5595
5605
5635
5675
5695
5665
5715
5705
5745
5725
5775
5835
5895
5785
5805
5795
5735
5815
5845
5755
5915
5825
5865
5765
5855
5875
5885
5955
5905
5965
5985
5935
5945
6005
5975
5925
6115
6175
6195
6025
5995
6045
6075
6125
6015
6035
6105
6085
6135
6095
6055
6065
6155
6165
6185
6245
6205
6215
6145
6265
6225
6235
6255
6295
6285
6275
6345
6315
6335
6325
6355
6415
6365
6425
6385
6445
6455
6395
6475
6505
6435
6405
6465
6485
6515
6495
6375
6525
6535
6565
6545
6555
6585
6575
6595
6625
6615
6665
6655
6605
6755
6635
6725
6765
6735
6675
6705
6815
6685
6645
6695
6835
6715
6825
6775
6785
6795
6845
6805
6905
7035
6875
7045
7095
7105
6865
6995
7075
6965
6955
7085
6925
7065
7005
6945
6975
6895
6855
7015
6915
6935
7055
6885
7125
7115
7135
7355
7145
7205
7315
7255
7235
7285
7245
7335
7155
7305
7295
7345
7185
7165
7195
7265
7175
7375
7365
7215
7325
7225
7395
7405
7415
7425
7275
7435
7455
7445
7515
7465
7505
7475
7485
7535
7575
7605
7695
7655
7525
7625
7555
7565
7665
7545
7635
7595
7615
7675
7645
7685
7705
7715
7775
7725
7785
7765
7855
7755
7835
7745
7945
7795
7965
7805
7815
7845
7875
7915
7885
7895
7825
7935
7925
7955
7865
7975
7995
8045
8015
8025
8115
8035
8075
8105
8155
8175
8195
8145
8325
8205
8255
8215
8165
8235
8305
8265
8285
8275
8375
8385
8295
8225
8355
8395
8365
8405
8415
8435
8425
8455
8475
8485
8525
8535
8465
8555
8575
8135
8615
8605
8585
8625
8595
8645
8635
8695
8685
8715
8745
8755
8765
8775
8905
8815
8795
8805
8975
8925
8855
8845
8985
8875
8915
8935
8965
8995
8955
9105
9115
9065
9055
9175
9205
9145
9125
9085
9215
9135
9275
9195
9155
9225
9235
9245
9325
9345
9255
9305
9285
9385
9315
9405
8895
9335
9395
9355
9435
9375
9455
9485
9535
9425
9545
9465
9495
9565
9525
9645
9515
9595
9585
9605
9635
9685
9765
9655
9665
9615
9755
9805
9785
9815
9925
9855
9875
9975
9845
9885
9895
10015
9905
10005
9985
10035
9935
10065
9955
9995
9965
10025
10085
10075
10125
10045
10175
10155
10105
10135
10115
10235
10195
10225
10295
10305
10215
10315
9825
10255
10285
10335
10345
10325
10385
10465
10425
10375
10525
10475
10455
10495
10535
10555
10685
10715
10595
10165
10575
10565
10615
10675
10885
10745
10765
10775
10955
10975
11035
10985
11015
11065
11055
11185
11085
11095
11215
11195
11205
11245
11315
11325
11435
11275
11305
11345
11365
11525
11405
11505
11455
11465
11495
11545
11565
11575
11675
11585
11655
11805
11745
11815
11795
11775
11835
11875
11995
11865
11955
11965
11905
11975
12005
12025
12065
12235
12125
12285
12245
12275
12425
12515
12415
12445
12405
12485
12465
12665
12495
12595
12635
12765
12795
12585
12085
12725
12745
12715
12825
12945
12835
13045
12955
12965
13115
13005
13185
13095
13085
13055
13135
13155
13255
13465
13275
13355
13365
13425
13445
13495
13675
13615
13765
13665
13815
13685
13755
13805
13295
13825
13305
13945
13915
13965
14135
14035
14005
14115
13455
14015
13855
14095
14275
14205
14145
14215
14255
14355
14235
14345
14315
14285
14295
14525
14575
14695
14495
14515
14465
14635
14755
14805
14795
14655
14645
14665
14155
14845
14745
14855
14905
14815
14885
14955
14975
15085
15095
15115
15155
15335
15145
15235
15255
15275
15315
15505
15525
15425
15355
15645
15675
15685
15735
15895
15925
15945
15965
15955
15995
16055
16145
16205
16345
16225
16255
16285
16325
16475
16385
16485
16495
16665
16565
16645
16765
16695
16855
16965
16955
17045
16985
17025
17235
17285
17265
17325
17335
17375
17465
17515
17725
16735
17835
17925
18045
18205
18335
18355
18455
18115
18745
19345
19415
19495
19995
19965
20245
20965
21345
21605
22215
22615
22655
23005
23485
23685
25385
