132
152
272
502
372
312
292
462
32
142
42
102
512
72
382
482
302
192
162
522
322
242
112
52
82
252
122
342
362
472
422
92
22
282
62
212
222
262
352
202
232
562
332
172
582
452
572
532
792
2
622
552
432
182
692
12
392
542
652
442
642
402
722
682
662
412
942
762
742
492
802
702
882
612
872
812
852
952
772
602
732
782
712
672
902
892
992
592
962
972
822
832
982
1002
922
1172
1202
632
1042
752
912
1192
1052
932
1232
1322
1022
842
1082
1032
1092
1062
1072
1162
1152
1182
1142
1012
1102
1272
1392
1362
1312
1432
1252
1522
1302
1112
1382
1132
1472
1402
1292
1352
1442
1222
1452
1552
1262
1412
1422
1372
1462
1562
1582
1242
1592
1482
1572
1332
1622
1282
1802
1502
1662
1882
1492
1682
1212
1642
1532
1932
1732
1342
1782
1652
1692
1752
1832
1772
1822
1632
1902
2002
1862
1722
1702
2072
1922
1122
1542
1742
1872
1852
2162
1892
1812
1912
1962
1762
1672
1612
1952
2082
1792
2262
1602
2172
2482
2332
2322
2542
2062
2232
2532
2562
2252
2042
2402
1992
2652
2222
2012
2272
1842
1712
2822
2582
4282
3142
3072
3532
3352
5122
5142
5272
3692
5102
5972
9022
14102
21322
22052
21212
25002
25292
26962
27762
29322
32502
32832
30392
32792
33462
37232
35282
37982
40272
39802
45892
46422
47262
47492
49002
45612
48472
49152
51272
54402
57902
62252
71872
73112
77282
81492
87292
90842
99302
116862
119342
