323
473
453
503
623
423
463
433
413
633
593
573
483
443
383
363
563
523
553
403
333
583
613
543
513
603
493
533
663
703
693
813
903
823
883
643
773
683
653
803
673
743
353
923
393
893
713
733
943
973
723
763
853
993
793
753
933
913
953
843
863
873
833
783
1003
963
983
1023
1073
1063
1053
1153
1143
1193
1083
1093
1263
1243
1283
1133
1213
1173
1013
1223
1313
1253
1043
1323
1343
1203
1273
1163
1033
1293
1303
1113
1103
1123
1363
1183
1473
1233
1433
1423
1493
1563
1523
1453
1483
1503
1443
1373
1403
1353
1543
1553
1573
1583
1413
1393
1623
1593
1633
1603
1643
1683
1693
1383
1653
1663
1673
1533
1703
1723
1773
1733
1853
1893
1743
1763
1793
1783
1833
1863
1753
1843
1873
1823
1713
1613
1883
1963
1933
1913
1943
1923
1953
1333
1993
1973
2003
2093
2083
1903
2063
2033
2023
2173
2133
2073
2113
2143
2123
1983
2163
2043
2213
2013
2153
2103
2053
2343
2273
2253
2243
2263
2293
2183
2313
2383
2283
2323
2353
2233
2373
2393
2363
2223
2423
2403
2433
2453
2443
2483
2543
2333
2553
2413
2463
2473
2533
2493
2503
2513
2563
2593
2523
2623
2693
2583
2613
2633
2573
2653
2603
2663
2683
2673
2643
2303
2733
2703
2713
2723
2843
2763
2773
2743
2853
2753
2783
2803
2813
2793
2823
2863
2873
2893
2933
2883
2923
2913
2903
2983
2943
3023
3053
3013
3063
2973
2953
2993
3043
3033
2963
3083
3103
3093
3113
3073
3123
3143
3153
3133
3173
3293
3163
3193
3213
3263
3203
3273
3183
3223
3253
3283
3243
3363
3373
3303
3313
3323
3383
3353
3333
3583
3393
3423
3463
3433
3603
3443
3523
3413
3533
3453
3543
3503
3513
3403
3343
3493
3563
3553
3573
3483
3613
3593
2203
3623
3633
3643
3653
3663
3873
3743
3733
3693
3793
3673
3683
3703
3783
3773
3723
3823
3803
3713
3843
3833
3853
3813
3863
3753
3883
3913
3903
3993
3923
3963
3933
3973
4003
3953
4013
4033
4023
3943
4043
4063
4053
4093
4113
4073
3983
4133
4083
4123
4163
4193
4143
4183
4173
4223
4253
4203
4233
4243
4213
4383
4323
4393
4283
4343
4303
4333
4313
4373
4363
4353
4273
4263
4293
4403
4423
4413
4443
4153
4453
4473
4463
4433
4483
4493
4503
4523
4583
4593
4513
4543
4573
4553
4533
4613
4643
4693
4563
4673
4713
4603
4653
4623
4703
4683
4663
4743
4633
4723
4733
4773
4753
4763
4793
4813
4783
4803
4893
4823
4873
4883
4863
4963
4833
5003
4843
4853
4903
4913
4943
4923
4973
4983
4953
4933
4993
5023
5013
5033
5043
5053
5063
5153
5073
5083
5183
5093
5113
5123
5133
5143
5163
5173
5193
5203
5213
5223
5253
5243
5233
5263
5273
5283
5103
5303
5323
5343
5313
5383
5333
5293
5353
5363
5373
5393
5403
5413
5503
5423
5433
5443
5453
5493
5483
5523
5513
5473
5553
5543
5533
5603
5463
5583
5593
5613
5623
5653
5643
5633
5573
5663
5763
5783
5703
5723
5693
5713
5683
5673
5733
5743
5793
5803
5753
5773
5853
5813
5823
5833
5843
5863
5893
5913
5873
5883
5903
5973
5933
5953
5943
6123
6133
6043
5963
6013
6003
6143
5983
6023
5993
6033
6053
6083
6093
6073
6063
6113
6153
6163
6103
6203
6193
6183
6293
6303
6223
6213
6263
6233
6313
6243
6323
6273
6333
6283
6343
6403
6363
6393
6373
6353
6383
6423
6413
6433
6443
6463
6453
6483
6473
6493
6503
6523
6533
6543
6513
6583
6573
6553
6593
6673
6633
6653
6623
6643
6603
6663
6683
6723
6743
6813
6733
6713
6703
6843
6773
6803
6793
6783
6823
6763
6853
6903
6943
6883
6873
6893
6863
6923
7003
7043
6953
6963
6993
6973
6983
7023
7013
7033
7063
7133
7053
7093
7113
7083
7073
7103
7143
7173
7123
7213
7153
7163
7193
7183
7223
7243
7303
7203
7273
7253
7313
7293
7363
7323
7353
7423
7463
7433
7373
7403
7413
7493
7453
7473
7483
7523
7443
7673
7633
7723
7683
7643
7693
7583
7543
7573
7553
7713
7703
7623
7613
7563
7663
7653
7733
7783
7823
7793
7843
7753
7833
7763
7813
7863
7803
7883
7853
7933
7893
7903
7973
7983
7943
7993
8013
8033
8023
8073
8143
8063
8043
8053
8153
8093
8103
8083
8123
8113
8163
8173
8193
8233
8213
8203
8303
8223
8353
8253
8293
8263
8273
8283
8343
8313
8413
8363
8393
8383
8373
8423
8473
8463
8513
8533
8563
8453
8493
8483
8523
8553
8573
8593
8663
8653
8613
8643
8673
8683
8693
8703
8723
8733
8753
8743
8773
8443
8793
8843
8813
8803
8833
8903
8853
8883
8873
8933
8923
8913
8943
8973
8963
8983
9063
9113
9013
9043
9123
9073
9103
9153
9093
9173
9133
9193
9183
9263
9273
9283
9223
9233
9243
9213
9343
9363
9323
9303
9353
9373
9423
9433
9473
9493
9463
9513
9523
9643
9383
9563
9573
9553
9613
9633
9703
9653
9693
9773
9713
9803
9793
9763
9753
9873
9783
9843
9883
9833
9933
9893
9813
9943
10023
9983
10013
10053
10063
10173
10113
10153
10193
10263
10273
10183
10163
9733
10203
10233
10293
10253
10303
10343
10423
10353
10463
10483
10373
10493
10443
10453
10473
10503
10513
10533
10583
10663
10573
10693
10653
10733
10753
10873
10773
10783
10633
10813
10803
10903
10913
10963
10973
10943
11043
11003
10603
11073
11143
11083
11273
11163
11293
11193
11323
10983
11253
11333
11093
11223
11303
11363
10893
11463
11423
11493
11533
11503
11603
11483
11523
11613
11543
11783
11753
11643
11703
11723
11803
11863
11763
11823
11903
11883
11983
11973
12023
11993
12123
12003
12083
12063
12073
12153
12253
12173
12133
12193
12263
12303
12393
12413
12383
12513
12423
12523
12483
12443
12453
12493
12533
12543
12553
12623
12643
12803
12673
12703
12773
12693
12713
11953
12843
12753
12833
12883
12973
12893
12873
13063
13133
13013
13053
13123
13073
13283
13303
13393
13273
13083
13343
13503
13493
13353
13523
13463
13513
13563
13713
13763
13843
13683
13863
13773
13853
13813
13883
14053
14083
14043
14133
14163
14233
14223
14283
14273
14263
14303
14333
14423
14433
14443
14573
14533
14563
14593
14683
14703
14713
14943
14793
14883
14963
14953
15053
15133
15353
15303
15523
15513
15463
15403
15413
15503
15553
15833
15843
16063
15903
16113
16373
16703
16813
16783
16983
16903
16893
17013
17283
17143
17423
17703
17533
17663
17793
18123
17933
18413
18173
18293
18533
18583
18743
19313
19243
19253
19813
19723
21053
20693
21813
22073
22193
23013
