89
129
149
329
249
299
69
39
439
159
29
339
289
209
139
459
19
59
309
169
469
259
189
119
269
109
79
229
389
99
479
319
569
399
219
279
409
489
519
359
509
619
579
679
369
529
689
639
699
379
739
9
179
589
629
719
659
709
609
729
449
499
929
349
669
769
429
779
199
759
239
49
859
899
789
889
549
749
599
809
869
829
849
1169
949
1109
919
1049
819
799
1079
1019
1029
969
539
1209
1119
1059
649
1289
1009
1159
999
959
989
909
839
879
1149
559
1139
1439
1189
1429
979
1239
1269
1099
1039
1219
1319
1199
1179
1089
1229
1459
1449
1519
1529
1549
1299
1379
939
1489
1329
1469
1129
1279
1509
1699
1419
1499
1589
1609
1359
1539
1369
1409
1389
1939
1599
1769
1339
1349
1249
1759
1749
1709
1909
2079
1729
1309
1739
1979
2329
1569
1789
1829
2099
1779
1399
1689
1629
3429
2469
3979
2339
4109
2389
4979
2369
3309
2299
4499
6319
5079
7269
7849
4689
4709
8189
12279
9989
13139
16809
15989
21149
21759
22729
26839
26869
26219
29729
28929
33149
34039
34889
38819
39699
46199
51559
52149
52449
56889
53929
58249
61769
62439
68139
115689
120679
131919
