298
178
158
228
358
408
78
18
238
258
188
48
28
138
208
248
58
218
398
148
418
288
428
268
388
88
368
458
438
348
478
338
578
468
198
328
598
618
8
38
488
118
168
128
308
278
318
378
528
508
568
608
518
108
688
628
698
68
658
898
638
818
498
738
828
718
748
808
648
728
798
768
788
888
758
918
708
678
1038
1088
838
778
98
588
938
668
908
868
878
1158
538
848
978
1188
968
948
928
448
1008
1308
988
858
1108
1098
1118
1288
558
1388
1058
1068
1208
1168
1128
1358
1218
1318
1028
1368
548
1238
1438
1428
1298
958
1348
1268
1148
1538
1248
998
1338
1278
1198
1408
1378
1468
1568
1258
1578
1488
1498
1398
1418
1588
1508
1048
1558
1708
1178
1768
1638
1618
1658
1808
1528
1458
1518
1688
1598
1718
1878
1888
1648
1948
1228
1328
1778
2018
1788
1698
1828
1818
1448
1848
1138
1548
1918
2208
1678
2028
1968
1608
2058
1728
1748
2138
2008
2128
2518
2268
1628
2108
2298
2688
1478
2318
2908
2898
2558
3028
2588
2158
2118
1858
2218
2528
2178
2498
2568
3798
3278
4308
3038
3438
4448
3318
4538
3368
4698
2678
3698
3818
3238
5528
5748
5268
7138
7258
7838
12548
17778
18818
19378
21868
21968
22408
24248
23978
28758
30588
30948
27448
31788
33998
30768
35388
33398
36808
36758
40878
37938
42508
42638
46348
43988
47718
48538
49328
49478
54728
53298
54778
56768
53598
57328
58068
58958
58358
62698
63538
64398
64038
66048
65238
66368
69368
68188
72148
71268
75508
75798
79388
80208
80718
80708
81308
84038
88808
93968
95408
