116
56
136
146
6
36
26
76
156
86
96
66
126
46
16
106
196
176
186
166
516
466
436
386
416
426
446
496
346
396
366
486
356
476
456
656
586
626
546
376
536
336
326
506
676
406
736
646
726
696
526
596
616
576
636
566
706
556
776
796
686
716
826
756
816
746
846
886
806
896
926
956
876
906
966
1016
1026
996
786
766
836
986
856
916
976
946
866
1046
1126
1066
1166
936
1086
1006
1106
1096
1156
1136
1116
1276
1256
1266
1036
1236
1296
1226
1056
1176
1216
1246
1316
1146
1076
1306
1186
1326
1206
1196
1336
1456
1286
1476
1386
1506
1496
1396
1406
1426
1436
1466
1536
1516
1486
1526
1586
1596
1346
1366
1616
1546
1576
1356
1566
1376
1416
1446
1606
1716
1626
1556
1686
1646
1656
1736
1726
1796
1676
1836
1746
1766
1636
1786
1816
1826
1846
1696
1756
1886
1896
1906
1856
1876
1926
1916
1776
1936
1706
1946
2046
1956
1806
2006
1996
2036
1966
1986
1866
2026
2056
2066
2116
2086
2076
1976
2186
2126
2096
2146
2226
2136
2166
2156
2216
2326
2176
2316
2196
2106
2236
2276
2246
2306
2286
2266
2336
2346
2356
2016
2366
2386
2436
2376
2296
2396
2416
2446
2506
2406
2426
2466
2456
2496
2486
2536
2526
2556
2546
2586
2476
2666
2566
2606
2596
2646
2656
2716
2636
2616
2626
2676
2696
2756
2686
2706
2726
2746
2766
2736
2856
2776
2786
2796
2826
2846
2836
2806
2816
3006
2996
2936
2886
2876
2956
2866
2896
2916
2906
2946
2966
2986
2926
2576
3016
2976
3076
3036
3026
3046
3066
3056
3086
3146
3106
3126
3116
3096
3136
3156
3176
3186
3206
3216
3246
3236
3226
3166
3266
3276
3296
3196
3286
3336
3306
3316
3326
3346
3256
3366
3376
3386
3396
3466
3406
3416
3536
3436
3446
3576
3526
3456
3486
3506
3516
3496
3476
3556
3546
3566
3616
3596
3606
3656
3636
3626
3686
3586
3676
3666
3716
3696
3706
3726
3426
3736
3756
3356
3766
3776
3796
3806
3826
3856
3816
3836
3866
3846
3906
3876
3746
3886
3926
3936
4006
3996
3946
3646
3956
3966
3976
3986
4026
4016
4066
3786
4216
4076
4256
4136
4146
4106
4086
4116
4126
4096
4046
4036
4056
4156
4186
4166
4176
4206
4226
4246
4266
4236
4276
4336
4316
4286
4466
4306
4326
4296
4386
4346
4426
4366
4536
4436
4356
4396
4496
4376
4406
4486
4416
4516
4506
4476
4456
4526
4546
4556
4566
4576
4626
4596
4606
4616
4646
4676
4656
4686
4696
4716
4726
4666
4706
4736
4766
4776
4746
4796
4756
4786
4816
4806
4846
4876
4886
4836
4826
4866
4856
4906
4916
5026
4926
4936
4946
4896
4966
4986
4976
4956
5046
5086
5036
4996
5006
5056
5076
5126
5016
5066
5106
5096
5136
5116
5156
5216
5146
5186
5206
5196
5176
5166
5346
5286
5246
5276
5356
5266
5226
5236
5306
5326
5336
5316
5296
5376
5366
5406
5386
5396
5426
5416
5436
5496
5446
5456
5466
5476
5516
5486
5506
5526
5606
5536
5546
5586
5596
5556
5576
5566
5616
5626
5636
5646
5676
5656
5686
5666
5696
5706
5726
5746
5736
5716
5756
5766
5806
5776
5836
5916
5856
5846
5826
5786
5796
5886
5876
5896
5866
5906
5976
5946
5926
5956
5936
5996
5986
5966
6006
6016
6046
6036
6056
6026
6066
6116
6086
6106
6216
6206
6186
6146
6196
6076
6156
6246
6136
6256
6226
6176
6266
6236
6166
6276
6286
6296
6306
6326
6316
6346
6356
6366
6386
6376
6526
6466
6476
6426
6416
6406
6456
6516
6446
6396
6506
6486
6496
6436
6546
6556
6566
6596
6606
6666
6616
6586
6626
6786
6636
6646
6676
6766
6776
6756
6696
6706
6796
6716
6726
6736
6806
6826
6886
6836
6936
6846
6876
6866
6896
6856
6906
6926
6976
6966
7006
6956
7036
7056
7026
7046
7076
7176
7156
7086
7096
7116
7136
7206
7166
7216
7146
7196
7126
7246
7226
7296
7286
7416
7336
7526
7516
7546
7486
7496
7366
7316
7346
7396
7356
7476
7436
7456
7306
7446
7506
7406
7536
7576
7606
7726
7686
7776
7646
7676
7696
7736
7666
7806
7716
7846
7816
7786
7756
7866
7826
7656
7856
7926
7896
7956
8046
7966
7986
7996
8176
8106
8166
8006
8016
8026
8036
8066
8156
8136
8126
8186
8146
8196
8216
8256
8276
8396
8266
8376
8336
8356
8386
8346
8466
8406
8486
8516
8506
8496
8586
8566
8556
8656
8646
8726
8096
8606
8706
8676
8716
8696
8846
8746
8776
8766
8756
8826
8806
8796
8816
8926
8896
9056
8936
8956
8946
8966
8976
9016
9036
8996
9026
9176
9076
9166
9116
9106
9126
9136
9196
9206
9296
9226
9246
9336
9266
9286
9316
9356
9346
9366
9456
9616
9476
9566
9536
9516
9666
9546
9556
9596
9696
9636
9766
9736
9746
9306
9846
10056
9956
9876
9886
10026
9966
9996
10136
10006
10066
10166
10086
10176
10116
10266
10256
10246
10356
10436
10326
10466
9416
10386
10406
10416
10376
10496
10516
10476
10626
10646
10636
10616
10726
10656
10826
10526
10876
10786
10886
11076
10986
10946
10996
11106
11146
11026
11036
11206
11196
11306
11286
11476
11336
11456
11526
11376
11346
11396
11496
11156
11506
11536
11646
11626
11546
11576
11586
11756
11746
11656
11736
11796
11786
11826
11836
11856
11866
11926
11916
12006
12066
12056
11966
11996
12096
12046
12076
12196
12246
12256
12236
12276
12296
12386
12506
12516
12546
12416
12466
12486
12536
12576
12646
12796
12676
12726
12816
12826
12846
12786
12886
12836
12906
12996
12966
13136
13256
13316
12976
13226
13286
13366
13386
13486
13326
13416
13446
13496
13506
13536
13666
13756
13826
13776
13856
13816
13796
13976
13906
14106
14176
14216
14256
14266
14296
14086
14416
14576
14606
14536
13886
14776
14646
14756
14876
14806
14626
15006
15176
15126
15036
15346
15406
15316
15276
15326
15426
15436
15596
15576
15966
15786
15916
15876
15926
16046
16176
16226
16436
16466
16416
16396
16566
16586
16726
16696
16736
16866
17176
17226
17236
17346
17416
17426
17606
17786
17086
17886
18146
18276
18336
18386
18456
18296
18796
18976
19016
18396
19266
18346
19556
20016
19996
19806
20826
20806
20846
20836
21496
21426
21356
22326
23196
23456
25786
26926
