51
11
71
41
81
61
31
21
1
341
361
351
381
401
331
371
391
321
471
541
611
521
651
621
511
531
431
591
491
461
551
421
631
441
561
571
481
451
601
641
411
581
661
681
741
701
671
721
751
771
761
791
811
711
941
931
991
981
731
861
1001
821
841
851
951
501
1031
921
1011
1041
801
971
781
1081
831
881
1111
1051
901
961
1121
1151
891
1141
871
1021
1201
1221
1071
1231
1131
1251
1171
1241
1181
1271
1261
1281
1061
1211
1101
1091
1311
1291
1161
1191
1321
1331
1481
1371
1471
1351
1401
1421
1521
1461
1301
1381
1491
1581
1511
1451
1531
1361
1341
1571
1391
1551
1541
1411
1441
1431
1501
1621
1641
1651
1661
1681
1611
1671
1631
1701
1691
1721
1741
1591
1831
1851
1811
1791
1801
1781
1761
1771
1861
1881
1841
1821
1711
1871
1731
1891
1931
1971
1981
1901
1751
1911
1951
1941
2051
2101
1961
2081
2061
2011
2021
2031
2071
2041
2091
2211
1991
2111
1601
2141
2151
2181
2001
2131
2171
2121
2161
2271
2191
2201
2221
2291
2281
2251
2341
2241
2361
2261
2301
2311
2371
2321
2331
2351
2431
2231
2461
2491
2471
2391
2381
2401
2421
2411
2481
2451
2441
2561
1921
2501
2521
2601
2531
2511
2551
2661
2581
2571
2621
2611
2591
2631
2691
2651
2731
2641
2671
2701
2681
2711
2541
2831
2851
2771
2781
2811
2861
2791
2751
2871
2821
2761
2801
2841
2911
2951
2961
2941
2921
2981
2991
2741
2931
2901
3011
3001
3021
2891
3041
3161
3101
3071
3111
3061
3091
3051
3131
3141
3121
3151
3171
3081
2971
2721
3211
3241
3271
3181
3191
3251
3261
3221
3291
3231
3281
3301
3331
3311
3321
3341
3351
3501
3361
3391
3461
3381
3451
3411
3431
3371
3421
3441
3531
3481
3401
3471
3491
3511
3521
3551
3621
3561
3571
3581
3591
3611
3601
3631
3641
3541
3651
3661
3691
3671
3701
3761
3731
3721
3711
3681
3751
3741
3781
3791
3801
3811
3771
3821
3931
3861
3891
3841
3911
3881
3851
3871
3961
3901
3921
3941
3981
3831
3951
3971
4061
4011
4081
4021
4121
4001
3991
4031
4041
4051
4111
4071
4101
4091
4181
4131
4141
4151
4191
4201
4161
4171
4311
4231
4211
4251
4221
4331
4241
4271
4281
4261
4351
4291
4361
4381
4301
4441
4421
4341
4371
4411
4401
4391
4431
4481
4501
4461
4661
4451
4691
4491
4581
4531
4521
4541
4701
4511
4621
4551
4601
4471
4611
4651
4641
4591
4671
4561
4631
4741
4731
4721
4751
4831
4801
4781
4761
4811
4791
4771
4821
4871
4841
4851
4931
4861
4941
4921
4951
4891
4911
4901
4981
4961
5001
4881
4991
4971
5041
5021
5011
5061
5071
5031
5081
5051
5101
5091
5121
5171
5141
5151
5161
5191
5181
5231
5261
5201
5131
5111
5221
5301
5241
5251
5321
5281
5331
5291
5211
5311
5361
5271
5341
5351
5371
5381
5391
5421
5401
5411
5431
5531
5661
5441
5541
5501
5481
5551
5451
5601
5611
5471
5581
5591
5571
5461
5511
5651
5631
5641
5621
5521
5671
5491
5701
5561
5681
5721
5691
5711
5731
5741
5911
5821
5751
5801
5901
5761
5781
5831
5841
5891
5791
5851
6001
5881
5811
5861
5921
5871
5931
5951
5941
5991
5981
5971
6011
6021
6031
6111
6051
6041
6101
6071
6061
6081
5771
6151
6141
6211
6181
6161
6191
6221
6171
6201
6271
6231
6121
6251
6291
6261
6301
6091
6241
6321
6311
6351
6391
6411
6331
6341
6371
6361
6381
6421
6541
6531
6431
6441
6571
6451
6591
6461
6501
6481
6471
6581
6601
6521
6551
6511
6561
6131
6621
6611
6491
6651
6681
6671
6641
6661
6751
6701
6711
6721
6801
6851
6691
6731
6741
6761
6771
6831
6781
6811
6791
6921
6821
6841
6911
6871
6891
6881
6941
6951
6901
6991
7001
6961
7031
7021
6971
7051
7011
7041
6931
6981
7081
7121
7131
7101
7061
7071
7091
7141
7111
7311
7191
7151
7211
7411
7261
7431
7401
7161
7421
7371
7331
7291
7281
7351
7271
7201
7241
7321
7391
7301
7361
7231
7181
7171
7341
7251
7381
7221
7511
7491
7471
7451
7531
7461
7441
7481
7521
7571
7581
7551
7661
7601
7701
7611
7711
7651
7621
7641
7591
7631
7681
7671
7731
7721
7741
7691
7751
7771
7801
7791
7761
7841
7831
7821
7851
7871
7781
7911
7901
7861
7921
7981
7961
7971
7891
7881
8011
7931
7951
7541
8001
7941
8051
8031
8081
8041
8131
8091
8071
8191
8061
8101
8111
8121
8141
8151
8161
8181
8171
8221
8231
8201
8241
8251
8281
8271
8211
8371
8291
8301
8351
8261
8361
8331
8341
8391
8381
8411
8421
8511
8441
8431
8481
8491
8471
8451
8461
8501
8521
8651
8531
8641
8571
8561
8611
8631
8601
8681
8661
8671
8791
8581
8701
8711
8691
8741
8811
8721
8861
8731
8761
8831
8801
8821
8771
8871
8851
8881
8901
8891
8981
8921
8911
8931
8941
8961
8991
9081
8951
9011
9101
9021
9041
9031
9201
9071
9191
9091
9141
9061
9131
9111
9121
9181
9171
9161
9241
9221
9291
9251
9231
9351
9271
9281
9371
9311
9301
9411
9491
9321
9451
9341
9481
9461
9561
9591
9391
9431
9541
9531
9651
9551
9571
9601
9681
9641
9621
9611
9511
9631
9671
9691
9661
9801
9731
9711
9741
9751
9811
9781
9771
9831
9931
9821
9841
9851
9961
9871
9991
9941
10001
10041
9951
10121
10021
10061
10031
10071
10151
10111
10131
10101
10141
10161
10261
10171
10191
10181
10201
10221
10211
10251
10311
10291
10361
10301
10351
10431
10371
10461
10521
10401
10551
10471
10631
10481
10511
10541
10531
10591
10651
10641
10831
10711
10741
10701
10731
10771
10721
10691
10751
10781
10791
10821
10861
10901
10801
10841
10891
10881
10941
10961
11021
11121
10981
10991
11011
11001
11051
11061
11181
11091
11171
11141
11221
11201
11311
11191
11261
11281
11291
11301
11321
11341
11411
11501
11421
11431
11351
11451
11521
11581
11611
11541
11571
11621
11601
11631
11661
11741
11651
11691
11761
11711
11771
11791
11831
11841
11851
11971
12021
11911
11921
11961
11951
12031
12101
11991
11981
12001
12141
12041
12161
12071
12061
12091
12191
12151
11551
12181
12251
12211
12291
12221
12331
12361
12301
12341
12351
12421
12321
12371
12381
12501
12461
12441
12401
12431
12601
12571
12551
12681
12731
12621
12661
12631
12651
12691
12721
12771
12831
12741
12761
12871
12851
12811
12891
12921
13071
13111
12981
13001
12991
13161
13191
13201
13031
13041
13121
13131
13211
13241
13221
13271
13301
13391
13321
13471
13451
13331
13491
13371
13401
13461
13611
13521
13531
13561
13661
13741
13691
13881
13751
13791
13991
13761
13831
13911
13771
14071
14011
14041
14221
14121
14101
14151
14341
14211
14261
14231
14241
14311
14321
14381
14391
14481
14601
14531
14541
14701
14711
14621
14591
14671
14751
14821
14841
14831
14761
14901
14871
14941
14461
15091
15291
15171
15201
15221
15241
15251
15411
15421
15441
15511
15521
15701
15581
15611
15661
15771
15781
15931
15761
15871
15911
15951
15921
16021
15271
16081
16261
16091
16281
16271
16331
16441
16421
16491
16641
16661
16801
16821
16921
16941
17011
17061
17181
17071
17131
17241
17381
17281
17291
17301
17501
17561
17441
17701
17861
17731
17751
17961
17801
17791
17981
17771
17851
18141
18151
18241
18321
18261
18031
18421
18691
18601
18641
18681
18911
18761
18891
18941
18951
18981
19111
19031
19061
19091
19131
19101
19201
19181
19281
19441
19361
19801
19791
19971
20031
20021
20091
20171
20421
20601
20611
20501
20861
20741
20881
21351
21881
21691
22411
23241
23371
23771
23871
24101
24541
25211
25131
25491
25971
28141
28381
