187
7
17
27
37
57
157
67
107
97
87
167
177
117
77
127
147
47
137
407
497
487
347
337
427
447
437
327
357
457
417
467
587
657
507
477
387
597
377
397
687
607
647
547
627
637
527
717
677
557
537
517
567
577
737
807
697
727
747
667
707
757
777
767
857
827
867
877
797
817
997
977
1007
887
937
847
787
1077
617
1037
1027
1137
1067
1057
1117
1047
897
917
907
947
957
1157
1097
1087
1107
967
1187
1147
1217
1237
1197
1257
1207
1227
1267
1127
1327
837
1387
1167
1277
1177
1287
1427
1357
1367
1407
1397
1437
1247
1477
1457
1347
1317
1307
1527
1487
1567
1467
1297
1377
1507
1337
1537
1017
1517
1577
1417
1547
1447
1557
1607
1627
1697
1637
1657
1727
1757
1747
1647
1677
1717
1587
1597
1777
1767
1737
1787
1867
1797
1617
1887
1497
1877
1817
1827
1667
1807
1857
1937
1847
1977
1947
1917
2027
2037
2047
2017
1897
1927
2067
1997
2007
1967
1987
2117
2057
2087
2097
2107
1957
2167
2137
2187
2247
2147
2277
2307
2337
2177
2207
2237
2217
2197
1907
2227
2257
2297
2267
2127
2317
2287
2377
2357
2417
2387
2367
2397
2427
2437
2347
2327
2467
2457
2447
2407
2477
2497
2487
2517
2557
2547
2507
2527
2567
2587
2537
2607
2627
2577
2597
2647
2667
2617
2637
2677
2697
2717
2727
2737
2777
2807
2657
2757
2857
2767
2787
2747
2797
2837
2817
2827
2847
2887
3007
2877
2867
2947
2997
2977
2927
2967
3027
2917
2897
2907
2957
2987
3037
3017
3047
2707
3077
3067
3057
3087
3107
3127
3097
3117
3147
3137
3317
3217
3177
3197
3167
3227
3267
3187
3337
3307
3207
3257
3237
3297
3247
3327
3277
3287
3357
2937
3347
3417
3367
3377
3387
3397
3437
3447
3457
3467
3497
3477
3517
3507
3567
3537
3677
3597
3707
3617
3627
3547
3607
3487
3557
3587
3637
3647
3577
3657
3697
3667
3687
3727
3717
3747
3737
3777
3757
3767
3837
3787
3527
3427
3817
3887
3807
3997
3897
3857
3867
4007
3827
3797
3847
3927
3957
4017
3937
3907
3917
3987
3967
3947
4037
4077
4067
4047
3977
4057
4127
3877
4167
4107
4087
4097
4117
4137
4157
4207
4147
4237
4327
4267
4247
4187
4357
4297
4177
4287
4217
4277
4227
4197
4257
4317
4377
4367
4337
4417
4387
4447
4397
4477
4407
4427
4457
4437
4467
4487
4567
4497
4537
4527
4707
4507
4557
4607
4757
4597
4587
4627
4577
4637
4617
4657
4647
4667
4747
4547
4727
4717
4697
4777
4737
4687
4767
4787
4827
4807
4797
4817
4837
4857
4847
4897
4887
4867
4917
4907
4877
4927
4937
4967
5047
5037
4947
4997
4957
4987
4977
5027
5007
5057
4517
5017
5067
5077
5117
5087
5107
5127
5097
5187
5147
5137
5177
5157
5167
5257
5197
5357
5207
5367
5227
5217
5237
5247
5277
5287
5297
5327
5267
5307
5377
5347
5317
5337
5497
5417
5397
5407
5427
5547
5447
5477
5487
5437
5387
5537
5467
5507
5557
5527
5517
5567
5607
5627
5577
5647
5597
5617
5687
5667
5657
5677
5637
5697
5707
5717
5727
5747
5757
5827
5847
5787
5797
5777
5767
5807
5857
5817
5877
5947
5867
5937
5997
5917
5887
5957
5897
5927
5907
5977
6007
5967
5837
6027
5987
6087
6097
6077
6057
6017
6157
6067
6037
6127
6117
6137
6107
6147
6177
6257
6327
6237
6287
6217
6247
6207
6187
6307
6267
6197
6167
6277
6227
6337
6427
6317
6347
6367
6387
6297
6357
6417
6407
6397
6437
6457
6447
6477
6487
6497
6597
6507
6547
6517
6527
6577
6567
6537
6557
6747
6587
6607
6627
6687
6677
6617
6657
6707
6717
6697
6727
6737
6667
6647
6767
6787
6827
6847
6797
6807
6867
6857
6817
6907
6917
6927
6837
6997
6897
6967
7007
6887
6957
7017
6947
6987
6877
7037
6937
7047
6977
7027
7187
7167
7067
7327
7077
7197
7297
7137
7177
7277
7207
7127
7287
7257
7307
7157
7097
7247
7087
7317
7147
7217
7227
7237
7267
7337
7107
7567
7367
7347
7507
7387
7497
7527
7377
7557
7457
7467
7587
7487
7577
7437
7447
7547
7477
7397
7537
7517
7407
7617
7657
7647
7837
7687
7877
7677
7797
7777
7697
7787
7717
7737
7707
7767
7757
7857
7807
7817
7727
7997
8047
7967
8087
7957
8017
7987
7977
8007
8057
8067
8077
8137
8117
8107
8097
8187
8197
8157
8147
8127
8177
8217
7747
8277
8267
8247
8367
8287
8297
8317
8327
8347
8377
8357
8387
8527
8417
8407
8397
8467
8497
8477
8447
8537
8517
8637
8557
8677
8587
8577
8597
8617
8647
8627
8737
8767
8777
8667
8707
8727
8837
8847
8757
8747
8827
8877
8807
8797
8857
8867
8977
8887
8897
9027
8957
8937
8967
9097
9117
9067
9147
9087
9227
9257
9247
9127
9167
9157
9177
9137
9237
9287
9337
9277
9357
9327
9317
9387
9377
9477
9517
9297
9427
9437
9467
9507
9457
9397
9497
9537
9487
9577
9557
9637
9657
9547
9597
9567
9677
9687
9717
9757
9707
9777
9797
9787
9837
9747
9877
9867
9827
9927
9947
9847
9957
9857
9907
9917
10037
9977
10067
10117
10077
10057
10027
10047
10107
10137
10177
10297
10187
10257
10217
10197
10267
10247
10347
10207
10287
10357
10317
10307
10407
10337
10417
10387
10457
10437
10527
10467
10497
10487
10537
10547
10557
10577
10607
10707
10717
10647
10627
10677
10747
10657
10367
10787
10847
10767
10817
10807
10797
10837
10927
10867
10857
10957
10877
10967
10907
10947
10977
10987
11007
10997
11077
11037
11087
11237
11247
11107
11117
11217
11337
11257
11387
11317
11297
11357
11527
11417
11397
11597
11487
11507
11617
11517
11547
11687
11677
11607
11627
11697
11747
11767
11727
11537
11877
11827
11897
11787
11837
11807
11847
11957
11857
11887
11927
11917
11987
11947
12067
12007
12027
12037
12147
12077
12087
12227
12137
12357
12397
12237
12427
12407
12307
12297
12387
12517
12257
12577
12537
12557
12497
12637
12757
12737
12817
12687
12117
12707
12747
12777
12787
12837
12977
12927
12987
12827
13087
12867
12947
13147
13047
13077
13097
13197
13247
13437
13267
13447
13477
13577
13517
13637
13617
13767
13567
13587
13807
13657
13817
13827
13787
13877
13857
13937
13927
14017
13967
13947
14027
13977
14127
14077
13537
14287
14447
14427
14527
14497
14457
14567
14467
14547
14537
14737
14787
14807
14797
14827
14867
14887
15027
14967
14987
14947
15007
15047
15087
15117
15157
15137
15267
15257
15207
15167
15307
15317
15437
15447
15637
15587
15607
15597
15837
15717
15727
15797
15787
15967
15907
15987
16007
16177
16057
16047
16067
16167
16487
16357
16377
16577
16437
16477
16457
16547
16557
16707
16807
16797
16827
16847
16947
17087
17127
17137
17117
17717
17597
17617
17637
17657
17867
18117
17877
18237
18677
18717
19097
19377
19477
19637
20817
20967
21117
21557
21417
21897
22577
23077
22047
23897
